# Script til opgave 4. Sekvens og struktur

reinit

fetch 1AUG, PGP_I

remove solvent

create helix, resi 142-160

show surface, helix

set_view (\

-0.408535630, -0.441266984, 0.798987269,\

0.206248984, 0.808099747, 0.551758111,\

-0.889134109, 0.390203059, -0.239126563,\

0.000036286, 0.000023451, -105.909782410,\

38.459018707, 13.234984398, 32.668601990,\

89.802589417, 122.012229919, -20.000000000 )

scene F1, store

as cartoon, helix

deselect helix

spectrum count, rainbow, (PGP_I and chain A)

set_view (\

0.347743720, -0.400866359, -0.847573400,\

0.518844843, 0.835229516, -0.182157472,\

0.780935228, -0.376411676, 0.498429596,\

-0.000691116, 0.000368766, -107.724067688,\

35.487663269, 10.953766823, 37.446750641,\

97.219642639, 118.235801697, -20.000000000 )

scene F2, store

show sticks, resi 81+144+168 and (sidechain or name CA)

util.cbaw resi 81+144+168 and sidechain

set_view (\

0.826230526, -0.071138412, -0.558820605,\

-0.150898471, -0.983684242, -0.097883336,\

-0.542736888, 0.165197283, -0.823481143,\

0.000423234, -0.000018544, -54.828662872,\

28.495000839, 11.418835640, 32.957633972,\

45.805042267, 64.068885803, -20.000000000 )

scene F3, store